lr0: 0.005
lrf: 0.1248
momentum: 0.9353
weight_decay: 0.00039
warmup_epochs: 2.41524
warmup_momentum: 0.95
warmup_bias_lr: 0.09498
box: 0.05483
cls: 0.32884
cls_pw: 0.96241
obj: 0.82408
obj_pw: 1.06687
iou_t: 0.2
anchor_t: 3.01811
fl_gamma: 0.0
hsv_h: 0.015
hsv_s: 0.676
hsv_v: 0.42149
degrees: 0.0
translate: 0.23741
scale: 0.83963
shear: 0.0
perspective: 0.0
flipud: 0.0
fliplr: 0.606
mosaic: 1.0
mixup: 0.1495
copy_paste: 0.0
paste_in: 0.11357
loss_ota: 1.0
anchors: 3.0
